D  ELWP  Npart  beta_z  gamma_z  kappa_z  zeta1_z  alpha_eff
   0.00200000  0.0        58.0000        4.41466       -2.82391       0.240129      0.0341554       0.582481
   0.00300000  0.0        69.0000        3.36595       -2.59940       0.241038      0.0518853       0.619384
   0.00400000  0.0        72.0000        1.17521       -2.06344       0.226984      0.0959158       0.637770
   0.00500000  0.0        93.0000        1.53466       -2.20394       0.202231      0.0686141       0.641597
   0.00600000  0.0        82.0000       0.798874       -2.04270       0.198657       0.114658       0.619425
   0.00700000  0.0        99.0000       0.631846       -1.92203       0.190647       0.131802       0.650015
   0.00800000  0.0        79.0000       0.812947       -2.01189       0.213314       0.105341       0.639639
   0.00900000  0.0        72.0000       0.654903       -1.94438       0.218834       0.115685       0.627827
    0.0100000  0.0        62.0000       0.981079       -2.15984       0.192762      0.0910432       0.642673
    0.0110000  0.0        80.0000       0.677164       -1.95805       0.147680       0.135500       0.633344
    0.0120000  0.0        83.0000       0.691729       -1.96005       0.179719       0.107158       0.622030
    0.0130000  0.0        74.0000       0.806015       -2.04642       0.191194       0.114032       0.637128
    0.0140000  0.0        56.0000       0.783174       -2.03640       0.195799       0.111871       0.647820
    0.0150000  0.0        67.0000       0.674638       -1.97471       0.180720       0.114650       0.636054
    0.0160000  0.0        79.0000       0.750036       -2.02721       0.207519       0.101164       0.666139
    0.0170000  0.0        99.0000       0.659809       -1.98438       0.185593       0.114573       0.682966
    0.0180000  0.0        114.000       0.573509       -1.94963       0.175830       0.125150       0.664585
    0.0190000  0.0        112.000       0.708248       -2.01545       0.178575       0.107691       0.664306
    0.0200000  0.0        98.0000       0.626595       -1.98041       0.182152       0.137329       0.654675
    0.0210000  0.0        77.0000       0.544214       -1.92570       0.200318       0.130370       0.627289
    0.0220000  0.0        59.0000       0.523207       -1.91009       0.223650       0.140645       0.578007
    0.0230000  0.0        49.0000       0.396104       -1.80046       0.175903       0.186216       0.596965
   0.00200000  0.1        61.0000        3.37524       -1.98237       0.312341        1.04088       0.619561
   0.00300000  0.1        63.0000        4.41839       -3.06041       0.211783      0.0446260       0.624884
   0.00400000  0.1        61.0000        3.88791       -2.90648       0.171770      0.0400102       0.635947
   0.00500000  0.1        88.0000        3.56102       -2.84919       0.161945      0.0457348       0.648576
   0.00600000  0.1        99.0000        2.04488       -2.55698       0.165554      0.0698692       0.658154
   0.00700000  0.1        105.000        1.18304       -2.26017       0.158345      0.0717662       0.645920
   0.00800000  0.1        76.0000        1.20194       -2.29273       0.147461      0.0701195       0.639843
   0.00900000  0.1        66.0000        1.01262       -2.23481       0.145582      0.0753408       0.656318
    0.0100000  0.1        63.0000       0.803115       -2.12281       0.146323      0.0957234       0.651215
    0.0110000  0.1        60.0000       0.810822       -2.14596       0.163288      0.0987800       0.639618
    0.0120000  0.1        55.0000       0.417665       -1.88163       0.175462       0.115535       0.670324
    0.0130000  0.1        69.0000       0.509443       -1.94221       0.128784       0.134200       0.676042
    0.0140000  0.1        60.0000       0.445699       -1.86132       0.152789       0.156477       0.705554
    0.0150000  0.1        58.0000       0.482534       -1.89425       0.198280       0.158665       0.706800
    0.0160000  0.1        59.0000       0.338203       -1.85730       0.161177       0.169075       0.680935
    0.0170000  0.1        78.0000       0.489827       -1.96204       0.154691       0.140489       0.697734
    0.0180000  0.1        71.0000       0.397738       -1.87414       0.148114       0.133264       0.709616
    0.0190000  0.1        83.0000       0.276187       -1.73670       0.130922       0.177539       0.714463
    0.0200000  0.1        70.0000       0.336374       -1.79040       0.150129       0.174537       0.706691
    0.0210000  0.1        55.0000       0.188926       -1.59925       0.155506       0.222501       0.696188
    0.0220000  0.1        69.0000       0.196053       -1.63960       0.158448       0.163435       0.664957
    0.0230000  0.1        66.0000       0.234104       -1.67711       0.167599       0.161909       0.680857
   0.00200000  0.2        60.0000        1.55213       -3.07226       0.182411      0.0869703       0.665362
   0.00300000  0.2        62.0000        7.29690       -3.56225       0.198542      0.0322159       0.612052
   0.00400000  0.2        68.0000        10.2762       -3.60353       0.181731      0.0264934       0.637847
   0.00500000  0.2        89.0000        5.96689       -3.20866       0.129147      0.0369585       0.656603
   0.00600000  0.2        88.0000        3.15559       -2.92718       0.155982      0.0502412       0.633081
   0.00700000  0.2        67.0000        1.99756       -2.63400       0.177165      0.0593757       0.646726
   0.00800000  0.2        69.0000        2.17073       -2.63792       0.152521      0.0665770       0.642104
   0.00900000  0.2        61.0000        2.01284       -2.57588       0.178857      0.0770153       0.644681
    0.0100000  0.2        48.0000        1.36302       -2.39815       0.180217      0.0639770       0.647478
    0.0110000  0.2        55.0000        1.06187       -2.27041       0.149795      0.0906729       0.657560
    0.0120000  0.2        73.0000       0.904794       -2.21594       0.150968       0.100614       0.672471
    0.0130000  0.2        72.0000       0.596576       -2.07169       0.149342       0.116827       0.676718
    0.0140000  0.2        78.0000       0.509800       -2.00177       0.163054       0.141931       0.683335
    0.0150000  0.2        80.0000       0.529397       -1.96151       0.141562       0.148570       0.690095
    0.0160000  0.2        83.0000       0.437541       -1.93602       0.162239       0.142948       0.655613
    0.0170000  0.2        84.0000       0.494393       -2.00100       0.152689       0.153977       0.650324
    0.0180000  0.2        87.0000       0.488933       -1.99896       0.159053       0.161022       0.664763
    0.0190000  0.2        88.0000       0.370304       -1.86064       0.136890       0.165634       0.689651
    0.0200000  0.2        69.0000       0.310585       -1.80399       0.158447       0.160108       0.691126
    0.0210000  0.2        73.0000       0.349852       -1.86152       0.168489       0.154033       0.689972
    0.0220000  0.2        76.0000       0.398431       -1.92786       0.151516       0.150334       0.687778
    0.0230000  0.2        86.0000       0.363322       -1.88766       0.157924       0.193218       0.690219
   0.00200000  0.5        62.0000       0.283405       -2.73985       0.209174       0.178378       0.733055
   0.00300000  0.5        65.0000        2.53625       -3.55551       0.192904      0.0575479       0.691448
   0.00400000  0.5        56.0000        5.96937       -3.81141       0.160464      0.0426202       0.688999
   0.00500000  0.5        61.0000        12.0048       -3.87930       0.161233      0.0236843       0.686692
   0.00600000  0.5        62.0000        11.1683       -3.83093       0.123446      0.0217780       0.664482
   0.00700000  0.5        62.0000        12.9082       -3.78238       0.154049      0.0240461       0.656717
   0.00800000  0.5        72.0000        9.49379       -3.57260       0.147499      0.0250845       0.652041
   0.00900000  0.5        67.0000        6.83120       -3.38177       0.184906      0.0327500       0.648495
    0.0100000  0.5        57.0000        5.24994       -3.20934       0.128327      0.0362909       0.654797
    0.0110000  0.5        60.0000        5.32867       -3.16151       0.140692      0.0400887       0.656721
    0.0120000  0.5        60.0000        3.75595       -2.95847       0.155740      0.0370924       0.684372
    0.0130000  0.5        59.0000        3.47513       -2.89445       0.154904      0.0481870       0.660580
    0.0140000  0.5        75.0000        1.47761       -2.54858       0.156054      0.0723194       0.659764
    0.0150000  0.5        65.0000        1.31374       -2.44023       0.157717      0.0829013       0.685197
    0.0160000  0.5        78.0000        1.44707       -2.50599       0.156279      0.0807905       0.666246
    0.0170000  0.5        62.0000        1.13799       -2.39671       0.145438      0.0965959       0.650175
    0.0180000  0.5        62.0000        1.28843       -2.44510       0.158124      0.0811165       0.645916
    0.0190000  0.5        73.0000       0.898501       -2.26519       0.152670       0.112310       0.695859
    0.0200000  0.5        61.0000       0.906047       -2.26852       0.164623       0.122194       0.676632
    0.0210000  0.5        51.0000        1.01582       -2.33231       0.153522      0.0834928       0.683891
    0.0220000  0.5        62.0000       0.754057       -2.22301       0.146187       0.101492       0.699971
    0.0230000  0.5        53.0000       0.712499       -2.17530       0.152268      0.0949573       0.665545
   0.00200000  1.0        47.0000       0.349781       -2.88256       0.162210       0.130989       0.841487
   0.00300000  1.0        62.0000       0.593434       -3.21525       0.196179      0.0813514       0.791081
   0.00400000  1.0        57.0000        1.29168       -3.48349       0.176043      0.0687553       0.738455
   0.00500000  1.0        59.0000        1.92595       -3.60140       0.185898      0.0524988       0.689900
   0.00600000  1.0        60.0000        3.97544       -3.70581       0.156773      0.0557765       0.691624
   0.00700000  1.0        56.0000        5.12906       -3.77434       0.149065      0.0484768       0.665708
   0.00800000  1.0        57.0000        6.01971       -3.78165       0.149773      0.0484093       0.655458
   0.00900000  1.0        65.0000        7.50127       -3.78134       0.131635      0.0372474       0.658320
    0.0100000  1.0        63.0000        6.51067       -3.64870       0.137567      0.0325721       0.674316
    0.0110000  1.0        59.0000        9.25478       -3.67945       0.171445      0.0310649       0.677596
    0.0120000  1.0        52.0000        7.79822       -3.59716       0.186102      0.0304487       0.671269
    0.0130000  1.0        54.0000        6.90522       -3.48090       0.151112      0.0277925       0.661562
    0.0140000  1.0        66.0000        5.69084       -3.37143       0.157152      0.0310871       0.655895
    0.0150000  1.0        61.0000        6.26994       -3.45359       0.132090      0.0306370       0.643497
    0.0160000  1.0        59.0000        8.37902       -3.47254       0.182249      0.0229519       0.639584
    0.0170000  1.0        61.0000        6.40210       -3.35278       0.156486      0.0263922       0.638490
    0.0180000  1.0        71.0000        4.21884       -3.13930       0.170548      0.0420446       0.657092
    0.0190000  1.0        62.0000        4.32128       -3.11091       0.152531      0.0436967       0.664878
    0.0200000  1.0        62.0000        4.89047       -3.05023       0.174763      0.0352122       0.678331
    0.0210000  1.0        63.0000        4.83426       -3.06067       0.180336      0.0370847       0.652524
    0.0220000  1.0        56.0000        3.26235       -2.91009       0.165882      0.0466249       0.672873
    0.0230000  1.0        50.0000        2.49145       -2.79424       0.129747      0.0648212       0.672414
   0.00200000  2.0        1060.00        6.14126       -3.66289       0.154179      0.0313517       0.689279
   0.00300000  2.0        37.0000       0.490839       -3.03213       0.144772       0.113229       0.889529
   0.00400000  2.0        69.0000       0.649321       -3.17675       0.157151      0.0732795       0.858665
   0.00500000  2.0        68.0000       0.966702       -3.39142       0.154327      0.0445231       0.815905
   0.00600000  2.0        64.0000        1.16343       -3.46532       0.143007      0.0553414       0.761442
   0.00700000  2.0        58.0000        1.35350       -3.55997       0.160176      0.0516869       0.706690
   0.00800000  2.0        48.0000        1.80686       -3.62573       0.149996      0.0671826       0.678060
   0.00900000  2.0        64.0000        2.05876       -3.59094       0.144108      0.0831481       0.690679
    0.0100000  2.0        74.0000        2.87334       -3.66806       0.151904      0.0611379       0.693969
    0.0110000  2.0        71.0000        2.71217       -3.58396       0.159545      0.0615156       0.680128
    0.0120000  2.0        57.0000        3.77051       -3.64253       0.113112      0.0563604       0.680857
    0.0130000  2.0        61.0000        4.38799       -3.72619       0.156744      0.0576782       0.658602
    0.0140000  2.0        70.0000        4.55854       -3.74754       0.165965      0.0467347       0.631713
    0.0150000  2.0        62.0000        5.18106       -3.73052       0.131292      0.0360879       0.637289
    0.0160000  2.0        53.0000        9.27070       -3.86667       0.129949      0.0256118       0.650507
    0.0170000  2.0        65.0000        7.46417       -3.72384       0.120550      0.0259881       0.677281
    0.0180000  2.0        71.0000        7.73799       -3.71931       0.156505      0.0287419       0.682674
    0.0190000  2.0        91.0000        8.24980       -3.68910       0.161044      0.0293261       0.690118
    0.0200000  2.0        70.0000        10.5810       -3.74514       0.170870      0.0221372       0.699869
    0.0210000  2.0        62.0000        10.5143       -3.73548       0.146436      0.0253319       0.673299
    0.0220000  2.0        61.0000        10.4289       -3.68565       0.164310      0.0243838       0.676579
    0.0230000  2.0        62.0000        12.5503       -3.76963       0.156765      0.0236263       0.650541
